01.01 -5
02.01 -6
03.01 -9
04.01 -4
05.01 -7
06.01 -8
07.01 -5
08.01 0
09.01 -5
10.01 -6
11.01 -9
12.01 -11
13.01 -15
14.01 -16
15.01 -18
16.01 -16
17.01 -18
18.01 -17
19.01 -15
20.01 -10
21.01 -8
22.01 -5
23.01 -6
24.01 -9
25.01 -11
26.01 -15
27.01 -10
28.01 -8
29.01 -4
30.01 -6
31.01 -9
01.02 -8
02.02 -5
03.02 -6
04.02 -9
05.02 -11
06.02 -10
07.02 -8
08.02 -4
09.02 -6
10.02 -9
11.02 -8
12.02 -4
13.02 -6
14.02 -9
15.02 -8
16.02 -5
17.02 -6
18.02 -9
19.02 -8
20.02 -5
21.02 0
22.02 -2
23.02 -2
24.02 -4
25.02 -6
26.02 -5
27.02 -6
28.02 -8